x<-c(2:4,9:13)
y<-c("b","c","E")
x[5]
y[2:3]
y[c(2,2,3)]
x[50]
x[-5]
x[3]
x[c(2,2,5:7)]
x[6 :1]
x[-(1:4)]
x[-c(1,4)]
